0 0.01 0.25 0.5 
1 0.00999002 2.17401 4.67219 
2 0.00998006 2.24084 4.7402 
3 0.00997013 2.27027 4.76992 
4 0.00996024 2.28775 4.78753 
5 0.00995037 2.29967 4.79951 
6 0.00994054 2.30845 4.80833 
7 0.00993073 2.31527 4.81517 
8 0.00992095 2.32076 4.82068 
9 0.0099112 2.32531 4.82524 
10 0.00990148 2.32915 4.8291 
11 0.00989178 2.33246 4.83241 
12 0.00988212 2.33534 4.8353 
13 0.00987248 2.33789 4.83785 
14 0.00986288 2.34015 4.84012 
15 0.00985329 2.34219 4.84215 
16 0.00984374 2.34403 4.844 
17 0.00983422 2.3457 4.84567 
18 0.00982472 2.34723 4.84721 
19 0.00981525 2.34864 4.84862 
20 0.00980581 2.34995 4.84993 
21 0.00979639 2.35115 4.85114 
22 0.00978701 2.35228 4.85226 
23 0.00977765 2.35333 4.85331 
24 0.00976831 2.35431 4.8543 
25 0.009759 2.35524 4.85522 
26 0.00974972 2.35611 4.8561 
27 0.00974047 2.35693 4.85692 
28 0.00973124 2.35771 4.8577 
29 0.00972204 2.35844 4.85843 
30 0.00971286 2.35914 4.85913 
31 0.00970371 2.35981 4.8598 
32 0.00969459 2.36044 4.86043 
33 0.00968549 2.36105 4.86104 
34 0.00967642 2.36162 4.86162 
35 0.00966737 2.36218 4.86217 
36 0.00965835 2.36271 4.8627 
37 0.00964935 2.36322 4.86321 
38 0.00964038 2.3637 4.8637 
39 0.00963143 2.36417 4.86416 
40 0.00962251 2.36462 4.86462 
41 0.00961361 2.36506 4.86505 
42 0.00960474 2.36548 4.86547 
43 0.00959589 2.36588 4.86587 
44 0.00958707 2.36627 4.86627 
45 0.00957827 2.36665 4.86664 
46 0.00956949 2.36701 4.86701 
47 0.00956074 2.36737 4.86736 
48 0.00955201 2.36771 4.8677 
49 0.00954331 2.36804 4.86803 
50 0.00953463 2.36836 4.86836 
51 0.00952598 2.36867 4.86867 
52 0.00951734 2.36898 4.86897 
53 0.00950873 2.36927 4.86927 
54 0.00950015 2.36956 4.86955 
55 0.00949159 2.36983 4.86983 
56 0.00948305 2.37011 4.8701 
57 0.00947453 2.37037 4.87037 
58 0.00946604 2.37063 4.87062 
59 0.00945757 2.37088 4.87087 
60 0.00944912 2.37112 4.87112 
61 0.00944069 2.37136 4.87135 
62 0.00943229 2.37159 4.87159 
63 0.00942391 2.37182 4.87181 
64 0.00941555 2.37204 4.87203 
65 0.00940722 2.37225 4.87225 
66 0.0093989 2.37246 4.87246 
67 0.00939061 2.37267 4.87267 
68 0.00938234 2.37287 4.87287 
69 0.00937409 2.37307 4.87307 
70 0.00936587 2.37326 4.87326 
71 0.00935766 2.37345 4.87345 
72 0.00934948 2.37364 4.87364 
73 0.00934132 2.37382 4.87382 
74 0.00933318 2.374 4.87399 
75 0.00932506 2.37417 4.87417 
76 0.00931696 2.37434 4.87434 
77 0.00930888 2.37451 4.87451 
78 0.00930083 2.37467 4.87467 
79 0.00929279 2.37483 4.87483 
80 0.00928478 2.37499 4.87499 
81 0.00927678 2.37515 4.87514 
82 0.00926881 2.3753 4.8753 
83 0.00926086 2.37545 4.87545 
84 0.00925292 2.37559 4.87559 
85 0.00924501 2.37574 4.87574 
86 0.00923712 2.37588 4.87588 
87 0.00922925 2.37602 4.87602 
88 0.0092214 2.37616 4.87615 
89 0.00921357 2.37629 4.87629 
90 0.00920576 2.37642 4.87642 
91 0.00919796 2.37655 4.87655 
92 0.00919019 2.37668 4.87668 
93 0.00918244 2.37681 4.8768 
94 0.00917471 2.37693 4.87693 
95 0.009167 2.37705 4.87705 
96 0.0091593 2.37717 4.87717 
97 0.00915163 2.37729 4.87729 
98 0.00914397 2.37741 4.8774 
99 0.00913634 2.37752 4.87752 
100 0.00912872 2.37763 4.87763 
101 0.00912112 2.37774 4.87774 
102 0.00911354 2.37785 4.87785 
103 0.00910598 2.37796 4.87796 
104 0.00909844 2.37807 4.87807 
105 0.00909092 2.37817 4.87817 
106 0.00908342 2.37828 4.87827 
107 0.00907593 2.37838 4.87838 
108 0.00906846 2.37848 4.87848 
109 0.00906102 2.37858 4.87858 
110 0.00905359 2.37867 4.87867 
111 0.00904617 2.37877 4.87877 
112 0.00903878 2.37887 4.87886 
113 0.0090314 2.37896 4.87896 
114 0.00902405 2.37905 4.87905 
115 0.00901671 2.37914 4.87914 
116 0.00900939 2.37923 4.87923 
117 0.00900208 2.37932 4.87932 
118 0.0089948 2.37941 4.87941 
119 0.00898753 2.3795 4.8795 
120 0.00898028 2.37958 4.87958 
121 0.00897304 2.37967 4.87967 
122 0.00896583 2.37975 4.87975 
123 0.00895863 2.37983 4.87983 
124 0.00895145 2.37991 4.87991 
125 0.00894428 2.38 4.87999 
126 0.00893714 2.38007 4.88007 
127 0.00893001 2.38015 4.88015 
128 0.00892289 2.38023 4.88023 
129 0.0089158 2.38031 4.88031 
130 0.00890872 2.38038 4.88038 
131 0.00890166 2.38046 4.88046 
132 0.00889461 2.38053 4.88053 
133 0.00888758 2.38061 4.88061 
134 0.00888057 2.38068 4.88068 
135 0.00887358 2.38075 4.88075 
136 0.0088666 2.38082 4.88082 
137 0.00885964 2.38089 4.88089 
138 0.00885269 2.38096 4.88096 
139 0.00884576 2.38103 4.88103 
140 0.00883885 2.3811 4.8811 
141 0.00883195 2.38117 4.88116 
142 0.00882507 2.38123 4.88123 
143 0.0088182 2.3813 4.8813 
144 0.00881136 2.38136 4.88136 
145 0.00880452 2.38143 4.88143 
146 0.0087977 2.38149 4.88149 
147 0.0087909 2.38155 4.88155 
148 0.00878412 2.38162 4.88162 
149 0.00877735 2.38168 4.88168 
150 0.00877059 2.38174 4.88174 
151 0.00876385 2.3818 4.8818 
152 0.00875713 2.38186 4.88186 
153 0.00875042 2.38192 4.88192 
154 0.00874373 2.38198 4.88198 
155 0.00873705 2.38204 4.88204 
156 0.00873039 2.38209 4.88209 
157 0.00872375 2.38215 4.88215 
158 0.00871711 2.38221 4.88221 
159 0.0087105 2.38226 4.88226 
160 0.0087039 2.38232 4.88232 
161 0.00869731 2.38237 4.88237 
162 0.00869074 2.38243 4.88243 
163 0.00868418 2.38248 4.88248 
164 0.00867764 2.38254 4.88254 
165 0.00867111 2.38259 4.88259 
166 0.0086646 2.38264 4.88264 
167 0.0086581 2.38269 4.88269 
168 0.00865162 2.38275 4.88274 
169 0.00864515 2.3828 4.8828 
170 0.0086387 2.38285 4.88285 
171 0.00863226 2.3829 4.8829 
172 0.00862583 2.38295 4.88295 
173 0.00861942 2.383 4.883 
174 0.00861303 2.38305 4.88304 
175 0.00860664 2.38309 4.88309 
176 0.00860028 2.38314 4.88314 
177 0.00859392 2.38319 4.88319 
178 0.00858758 2.38324 4.88324 
179 0.00858126 2.38328 4.88328 
180 0.00857494 2.38333 4.88333 
181 0.00856865 2.38338 4.88338 
182 0.00856236 2.38342 4.88342 
183 0.00855609 2.38347 4.88347 
184 0.00854983 2.38351 4.88351 
185 0.00854359 2.38356 4.88356 
186 0.00853736 2.3836 4.8836 
187 0.00853115 2.38365 4.88364 
188 0.00852494 2.38369 4.88369 
189 0.00851876 2.38373 4.88373 
190 0.00851258 2.38378 4.88377 
191 0.00850642 2.38382 4.88382 
192 0.00850027 2.38386 4.88386 
193 0.00849413 2.3839 4.8839 
194 0.00848801 2.38394 4.88394 
195 0.0084819 2.38398 4.88398 
196 0.00847581 2.38403 4.88402 
197 0.00846973 2.38407 4.88407 
198 0.00846366 2.38411 4.88411 
199 0.0084576 2.38415 4.88415 
200 0.00845156 2.38419 4.88419 
201 0.00844553 2.38423 4.88422 
202 0.00843951 2.38426 4.88426 
203 0.00843351 2.3843 4.8843 
204 0.00842751 2.38434 4.88434 
205 0.00842153 2.38438 4.88438 
206 0.00841557 2.38442 4.88442 
207 0.00840961 2.38446 4.88446 
208 0.00840367 2.38449 4.88449 
209 0.00839775 2.38453 4.88453 
210 0.00839183 2.38457 4.88457 
211 0.00838593 2.3846 4.8846 
212 0.00838003 2.38464 4.88464 
213 0.00837416 2.38468 4.88468 
214 0.00836829 2.38471 4.88471 
215 0.00836244 2.38475 4.88475 
216 0.00835659 2.38478 4.88478 
217 0.00835076 2.38482 4.88482 
218 0.00834495 2.38485 4.88485 
219 0.00833914 2.38489 4.88489 
220 0.00833335 2.38492 4.88492 
221 0.00832757 2.38496 4.88496 
222 0.0083218 2.38499 4.88499 
223 0.00831604 2.38502 4.88502 
224 0.0083103 2.38506 4.88506 
225 0.00830456 2.38509 4.88509 
226 0.00829884 2.38512 4.88512 
227 0.00829313 2.38516 4.88516 
228 0.00828744 2.38519 4.88519 
229 0.00828175 2.38522 4.88522 
230 0.00827607 2.38525 4.88525 
231 0.00827041 2.38529 4.88529 
232 0.00826476 2.38532 4.88532 
233 0.00825912 2.38535 4.88535 
234 0.00825349 2.38538 4.88538 
235 0.00824788 2.38541 4.88541 
236 0.00824227 2.38544 4.88544 
237 0.00823668 2.38547 4.88547 
238 0.0082311 2.3855 4.8855 
239 0.00822553 2.38553 4.88553 
240 0.00821997 2.38556 4.88556 
241 0.00821442 2.38559 4.88559 
242 0.00820888 2.38562 4.88562 
243 0.00820335 2.38565 4.88565 
244 0.00819784 2.38568 4.88568 
245 0.00819234 2.38571 4.88571 
246 0.00818684 2.38574 4.88574 
247 0.00818136 2.38577 4.88577 
248 0.00817589 2.3858 4.8858 
249 0.00817043 2.38583 4.88583 
250 0.00816498 2.38586 4.88586 
251 0.00815954 2.38588 4.88588 
252 0.00815412 2.38591 4.88591 
253 0.0081487 2.38594 4.88594 
254 0.0081433 2.38597 4.88597 
255 0.0081379 2.386 4.886 
256 0.00813252 2.38602 4.88602 
257 0.00812714 2.38605 4.88605 
258 0.00812178 2.38608 4.88608 
259 0.00811643 2.3861 4.8861 
260 0.00811109 2.38613 4.88613 
261 0.00810576 2.38616 4.88616 
262 0.00810044 2.38618 4.88618 
263 0.00809513 2.38621 4.88621 
264 0.00808983 2.38624 4.88624 
265 0.00808454 2.38626 4.88626 
266 0.00807926 2.38629 4.88629 
267 0.00807399 2.38631 4.88631 
268 0.00806873 2.38634 4.88634 
269 0.00806348 2.38636 4.88636 
270 0.00805825 2.38639 4.88639 
271 0.00805302 2.38642 4.88641 
272 0.0080478 2.38644 4.88644 
273 0.00804259 2.38647 4.88646 
274 0.0080374 2.38649 4.88649 
275 0.00803221 2.38651 4.88651 
276 0.00802703 2.38654 4.88654 
277 0.00802187 2.38656 4.88656 
278 0.00801671 2.38659 4.88659 
279 0.00801156 2.38661 4.88661 
280 0.00800642 2.38664 4.88664 
281 0.0080013 2.38666 4.88666 
282 0.00799618 2.38668 4.88668 
283 0.00799107 2.38671 4.88671 
284 0.00798597 2.38673 4.88673 
285 0.00798089 2.38675 4.88675 
286 0.00797581 2.38678 4.88678 
287 0.00797074 2.3868 4.8868 
288 0.00796568 2.38682 4.88682 
289 0.00796063 2.38685 4.88684 
290 0.00795559 2.38687 4.88687 
291 0.00795056 2.38689 4.88689 
292 0.00794554 2.38691 4.88691 
293 0.00794053 2.38694 4.88693 
294 0.00793553 2.38696 4.88696 
295 0.00793053 2.38698 4.88698 
296 0.00792555 2.387 4.887 
297 0.00792058 2.38702 4.88702 
298 0.00791561 2.38705 4.88705 
299 0.00791066 2.38707 4.88707 
300 0.00790571 2.38709 4.88709 
301 0.00790078 2.38711 4.88711 
302 0.00789585 2.38713 4.88713 
303 0.00789093 2.38715 4.88715 
304 0.00788602 2.38717 4.88717 
305 0.00788112 2.38719 4.88719 
306 0.00787623 2.38722 4.88722 
307 0.00787135 2.38724 4.88724 
308 0.00786648 2.38726 4.88726 
309 0.00786161 2.38728 4.88728 
310 0.00785676 2.3873 4.8873 
311 0.00785191 2.38732 4.88732 
312 0.00784708 2.38734 4.88734 
313 0.00784225 2.38736 4.88736 
314 0.00783743 2.38738 4.88738 
315 0.00783262 2.3874 4.8874 
316 0.00782782 2.38742 4.88742 
317 0.00782303 2.38744 4.88744 
318 0.00781825 2.38746 4.88746 
319 0.00781347 2.38748 4.88748 
320 0.00780871 2.3875 4.8875 
321 0.00780395 2.38752 4.88752 
322 0.0077992 2.38754 4.88754 
323 0.00779446 2.38756 4.88756 
324 0.00778973 2.38758 4.88758 
325 0.00778501 2.3876 4.88759 
326 0.00778029 2.38761 4.88761 
327 0.00777559 2.38763 4.88763 
328 0.00777089 2.38765 4.88765 
329 0.0077662 2.38767 4.88767 
330 0.00776152 2.38769 4.88769 
331 0.00775685 2.38771 4.88771 
332 0.00775219 2.38773 4.88773 
333 0.00774753 2.38775 4.88774 
334 0.00774289 2.38776 4.88776 
335 0.00773825 2.38778 4.88778 
336 0.00773362 2.3878 4.8878 
337 0.007729 2.38782 4.88782 
338 0.00772439 2.38784 4.88784 
339 0.00771978 2.38785 4.88785 
340 0.00771519 2.38787 4.88787 
341 0.0077106 2.38789 4.88789 
342 0.00770602 2.38791 4.88791 
343 0.00770145 2.38793 4.88792 
344 0.00769688 2.38794 4.88794 
345 0.00769233 2.38796 4.88796 
346 0.00768778 2.38798 4.88798 
347 0.00768324 2.388 4.88799 
348 0.00767871 2.38801 4.88801 
349 0.00767418 2.38803 4.88803 
350 0.00766967 2.38805 4.88805 
351 0.00766516 2.38806 4.88806 
352 0.00766066 2.38808 4.88808 
353 0.00765617 2.3881 4.8881 
354 0.00765169 2.38811 4.88811 
355 0.00764721 2.38813 4.88813 
356 0.00764274 2.38815 4.88815 
357 0.00763828 2.38816 4.88816 
358 0.00763383 2.38818 4.88818 
359 0.00762938 2.3882 4.8882 
360 0.00762495 2.38821 4.88821 
361 0.00762052 2.38823 4.88823 
362 0.0076161 2.38825 4.88825 
363 0.00761168 2.38826 4.88826 
364 0.00760728 2.38828 4.88828 
365 0.00760288 2.38829 4.88829 
366 0.00759849 2.38831 4.88831 
367 0.0075941 2.38833 4.88833 
368 0.00758973 2.38834 4.88834 
369 0.00758536 2.38836 4.88836 
370 0.007581 2.38837 4.88837 
371 0.00757665 2.38839 4.88839 
372 0.0075723 2.38841 4.88841 
373 0.00756796 2.38842 4.88842 
374 0.00756363 2.38844 4.88844 
375 0.00755931 2.38845 4.88845 
376 0.00755499 2.38847 4.88847 
377 0.00755068 2.38848 4.88848 
378 0.00754638 2.3885 4.8885 
379 0.00754209 2.38851 4.88851 
380 0.0075378 2.38853 4.88853 
381 0.00753352 2.38854 4.88854 
382 0.00752925 2.38856 4.88856 
383 0.00752499 2.38857 4.88857 
384 0.00752073 2.38859 4.88859 
385 0.00751648 2.3886 4.8886 
386 0.00751223 2.38862 4.88862 
387 0.007508 2.38863 4.88863 
388 0.00750377 2.38865 4.88865 
389 0.00749955 2.38866 4.88866 
390 0.00749533 2.38868 4.88868 
391 0.00749113 2.38869 4.88869 
392 0.00748693 2.38871 4.8887 
393 0.00748273 2.38872 4.88872 
394 0.00747855 2.38873 4.88873 
395 0.00747437 2.38875 4.88875 
396 0.0074702 2.38876 4.88876 
397 0.00746603 2.38878 4.88878 
398 0.00746187 2.38879 4.88879 
399 0.00745772 2.3888 4.8888 
400 0.00745358 2.38882 4.88882 
401 0.00744944 2.38883 4.88883 
402 0.00744531 2.38885 4.88885 
403 0.00744118 2.38886 4.88886 
404 0.00743707 2.38887 4.88887 
405 0.00743296 2.38889 4.88889 
406 0.00742885 2.3889 4.8889 
407 0.00742476 2.38892 4.88892 
408 0.00742067 2.38893 4.88893 
409 0.00741658 2.38894 4.88894 
410 0.00741251 2.38896 4.88896 
411 0.00740844 2.38897 4.88897 
412 0.00740438 2.38898 4.88898 
413 0.00740032 2.389 4.889 
414 0.00739627 2.38901 4.88901 
415 0.00739223 2.38902 4.88902 
416 0.00738819 2.38904 4.88904 
417 0.00738416 2.38905 4.88905 
418 0.00738014 2.38906 4.88906 
419 0.00737612 2.38908 4.88908 
420 0.00737211 2.38909 4.88909 
421 0.00736811 2.3891 4.8891 
422 0.00736411 2.38911 4.88911 
423 0.00736012 2.38913 4.88913 
424 0.00735614 2.38914 4.88914 
425 0.00735216 2.38915 4.88915 
426 0.00734819 2.38917 4.88917 
427 0.00734423 2.38918 4.88918 
428 0.00734027 2.38919 4.88919 
429 0.00733632 2.3892 4.8892 
430 0.00733237 2.38922 4.88922 
431 0.00732843 2.38923 4.88923 
432 0.0073245 2.38924 4.88924 
433 0.00732057 2.38925 4.88925 
434 0.00731665 2.38927 4.88927 
435 0.00731274 2.38928 4.88928 
436 0.00730883 2.38929 4.88929 
437 0.00730493 2.3893 4.8893 
438 0.00730103 2.38931 4.88931 
439 0.00729715 2.38933 4.88933 
440 0.00729326 2.38934 4.88934 
441 0.00728939 2.38935 4.88935 
442 0.00728552 2.38936 4.88936 
443 0.00728165 2.38938 4.88938 
444 0.0072778 2.38939 4.88939 
445 0.00727394 2.3894 4.8894 
446 0.0072701 2.38941 4.88941 
447 0.00726626 2.38942 4.88942 
448 0.00726242 2.38943 4.88943 
449 0.0072586 2.38945 4.88945 
450 0.00725478 2.38946 4.88946 
451 0.00725096 2.38947 4.88947 
452 0.00724715 2.38948 4.88948 
453 0.00724335 2.38949 4.88949 
454 0.00723955 2.3895 4.8895 
455 0.00723576 2.38952 4.88952 
456 0.00723197 2.38953 4.88953 
457 0.00722819 2.38954 4.88954 
458 0.00722442 2.38955 4.88955 
459 0.00722065 2.38956 4.88956 
460 0.00721689 2.38957 4.88957 
461 0.00721314 2.38958 4.88958 
462 0.00720939 2.3896 4.8896 
463 0.00720564 2.38961 4.88961 
464 0.0072019 2.38962 4.88962 
465 0.00719817 2.38963 4.88963 
466 0.00719444 2.38964 4.88964 
467 0.00719072 2.38965 4.88965 
468 0.00718701 2.38966 4.88966 
469 0.0071833 2.38967 4.88967 
470 0.00717959 2.38969 4.88968 
471 0.0071759 2.3897 4.8897 
472 0.0071722 2.38971 4.88971 
473 0.00716852 2.38972 4.88972 
474 0.00716484 2.38973 4.88973 
475 0.00716116 2.38974 4.88974 
476 0.00715749 2.38975 4.88975 
477 0.00715383 2.38976 4.88976 
478 0.00715017 2.38977 4.88977 
479 0.00714652 2.38978 4.88978 
480 0.00714287 2.38979 4.88979 
481 0.00713923 2.3898 4.8898 
482 0.00713559 2.38981 4.88981 
483 0.00713196 2.38982 4.88982 
484 0.00712834 2.38984 4.88984 
485 0.00712472 2.38985 4.88985 
486 0.0071211 2.38986 4.88986 
487 0.00711749 2.38987 4.88987 
488 0.00711389 2.38988 4.88988 
489 0.00711029 2.38989 4.88989 
490 0.0071067 2.3899 4.8899 
491 0.00710312 2.38991 4.88991 
492 0.00709953 2.38992 4.88992 
493 0.00709596 2.38993 4.88993 
494 0.00709239 2.38994 4.88994 
495 0.00708882 2.38995 4.88995 
496 0.00708526 2.38996 4.88996 
497 0.00708171 2.38997 4.88997 
498 0.00707816 2.38998 4.88998 
499 0.00707462 2.38999 4.88999 
500 0.00707108 2.39 4.89 
