0 0.01 0.25 0.5 
1 0.00999001 2.18213 4.69376 
2 0.00998006 2.24415 4.74856 
3 0.00997013 2.2722 4.77467 
4 0.00996024 2.28907 4.7907 
5 0.00995037 2.30065 4.80182 
6 0.00994053 2.30922 4.81011 
7 0.00993073 2.31589 4.8166 
8 0.00992095 2.32128 4.82187 
9 0.0099112 2.32575 4.82624 
10 0.00990147 2.32954 4.82996 
11 0.00989178 2.3328 4.83316 
12 0.00988212 2.33564 4.83596 
13 0.00987248 2.33815 4.83844 
14 0.00986287 2.34039 4.84065 
15 0.00985329 2.34241 4.84264 
16 0.00984374 2.34423 4.84444 
17 0.00983421 2.34589 4.84608 
18 0.00982472 2.3474 4.84758 
19 0.00981525 2.3488 4.84896 
20 0.0098058 2.35009 4.85024 
21 0.00979639 2.35129 4.85143 
22 0.009787 2.35241 4.85254 
23 0.00977764 2.35345 4.85357 
24 0.00976831 2.35443 4.85454 
25 0.009759 2.35535 4.85546 
26 0.00974972 2.35621 4.85631 
27 0.00974046 2.35703 4.85712 
28 0.00973123 2.3578 4.85789 
29 0.00972203 2.35853 4.85862 
30 0.00971285 2.35923 4.85931 
31 0.0097037 2.35989 4.85997 
32 0.00969458 2.36052 4.86059 
33 0.00968548 2.36112 4.86119 
34 0.00967641 2.3617 4.86176 
35 0.00966736 2.36225 4.86231 
36 0.00965834 2.36277 4.86284 
37 0.00964934 2.36328 4.86334 
38 0.00964037 2.36376 4.86382 
39 0.00963142 2.36423 4.86429 
40 0.0096225 2.36468 4.86473 
41 0.0096136 2.36511 4.86516 
42 0.00960473 2.36553 4.86558 
43 0.00959588 2.36593 4.86598 
44 0.00958706 2.36632 4.86637 
45 0.00957826 2.3667 4.86674 
46 0.00956948 2.36706 4.8671 
47 0.00956073 2.36741 4.86745 
48 0.009552 2.36775 4.86779 
49 0.0095433 2.36808 4.86812 
50 0.00953462 2.3684 4.86844 
51 0.00952596 2.36871 4.86875 
52 0.00951733 2.36902 4.86905 
53 0.00950872 2.36931 4.86934 
54 0.00950014 2.36959 4.86963 
55 0.00949157 2.36987 4.8699 
56 0.00948303 2.37014 4.87017 
57 0.00947452 2.3704 4.87044 
58 0.00946602 2.37066 4.87069 
59 0.00945755 2.37091 4.87094 
60 0.0094491 2.37115 4.87118 
61 0.00944068 2.37139 4.87142 
62 0.00943228 2.37162 4.87165 
63 0.0094239 2.37185 4.87187 
64 0.00941554 2.37207 4.87209 
65 0.0094072 2.37228 4.87231 
66 0.00939889 2.37249 4.87252 
67 0.0093906 2.3727 4.87272 
68 0.00938232 2.3729 4.87292 
69 0.00937408 2.3731 4.87312 
70 0.00936585 2.37329 4.87331 
71 0.00935765 2.37348 4.8735 
72 0.00934946 2.37366 4.87369 
73 0.0093413 2.37384 4.87387 
74 0.00933316 2.37402 4.87404 
75 0.00932504 2.37419 4.87422 
76 0.00931694 2.37436 4.87439 
77 0.00930886 2.37453 4.87455 
78 0.00930081 2.3747 4.87472 
79 0.00929277 2.37486 4.87488 
80 0.00928476 2.37501 4.87503 
81 0.00927676 2.37517 4.87519 
82 0.00926879 2.37532 4.87534 
83 0.00926084 2.37547 4.87549 
84 0.00925291 2.37562 4.87563 
85 0.00924499 2.37576 4.87578 
86 0.0092371 2.3759 4.87592 
87 0.00922923 2.37604 4.87606 
88 0.00922138 2.37618 4.87619 
89 0.00921355 2.37631 4.87633 
90 0.00920574 2.37644 4.87646 
91 0.00919794 2.37657 4.87659 
92 0.00919017 2.3767 4.87671 
93 0.00918242 2.37682 4.87684 
94 0.00917469 2.37695 4.87696 
95 0.00916697 2.37707 4.87708 
96 0.00915928 2.37719 4.8772 
97 0.00915161 2.37731 4.87732 
98 0.00914395 2.37742 4.87744 
99 0.00913632 2.37754 4.87755 
100 0.0091287 2.37765 4.87766 
101 0.0091211 2.37776 4.87777 
102 0.00911352 2.37787 4.87788 
103 0.00910596 2.37798 4.87799 
104 0.00909842 2.37808 4.8781 
105 0.0090909 2.37819 4.8782 
106 0.00908339 2.37829 4.8783 
107 0.00907591 2.37839 4.8784 
108 0.00906844 2.37849 4.8785 
109 0.00906099 2.37859 4.8786 
110 0.00905356 2.37869 4.8787 
111 0.00904615 2.37878 4.8788 
112 0.00903876 2.37888 4.87889 
113 0.00903138 2.37897 4.87898 
114 0.00902402 2.37907 4.87908 
115 0.00901668 2.37916 4.87917 
116 0.00900936 2.37925 4.87926 
117 0.00900206 2.37934 4.87935 
118 0.00899477 2.37942 4.87943 
119 0.0089875 2.37951 4.87952 
120 0.00898025 2.3796 4.87961 
121 0.00897302 2.37968 4.87969 
122 0.0089658 2.37976 4.87977 
123 0.00895861 2.37985 4.87986 
124 0.00895142 2.37993 4.87994 
125 0.00894426 2.38001 4.88002 
126 0.00893711 2.38009 4.8801 
127 0.00892998 2.38017 4.88017 
128 0.00892287 2.38024 4.88025 
129 0.00891577 2.38032 4.88033 
130 0.0089087 2.3804 4.8804 
131 0.00890163 2.38047 4.88048 
132 0.00889459 2.38054 4.88055 
133 0.00888756 2.38062 4.88063 
134 0.00888055 2.38069 4.8807 
135 0.00887355 2.38076 4.88077 
136 0.00886657 2.38083 4.88084 
137 0.00885961 2.3809 4.88091 
138 0.00885267 2.38097 4.88098 
139 0.00884574 2.38104 4.88105 
140 0.00883882 2.38111 4.88112 
141 0.00883192 2.38117 4.88118 
142 0.00882504 2.38124 4.88125 
143 0.00881818 2.38131 4.88131 
144 0.00881133 2.38137 4.88138 
145 0.0088045 2.38144 4.88144 
146 0.00879768 2.3815 4.88151 
147 0.00879088 2.38156 4.88157 
148 0.00878409 2.38163 4.88163 
149 0.00877732 2.38169 4.88169 
150 0.00877057 2.38175 4.88176 
151 0.00876383 2.38181 4.88182 
152 0.0087571 2.38187 4.88188 
153 0.0087504 2.38193 4.88193 
154 0.0087437 2.38199 4.88199 
155 0.00873703 2.38204 4.88205 
156 0.00873037 2.3821 4.88211 
157 0.00872372 2.38216 4.88217 
158 0.00871709 2.38222 4.88222 
159 0.00871047 2.38227 4.88228 
160 0.00870387 2.38233 4.88233 
161 0.00869728 2.38238 4.88239 
162 0.00869071 2.38244 4.88244 
163 0.00868415 2.38249 4.8825 
164 0.00867761 2.38254 4.88255 
165 0.00867109 2.3826 4.8826 
166 0.00866457 2.38265 4.88266 
167 0.00865808 2.3827 4.88271 
168 0.00865159 2.38275 4.88276 
169 0.00864512 2.3828 4.88281 
170 0.00863867 2.38285 4.88286 
171 0.00863223 2.3829 4.88291 
172 0.00862581 2.38295 4.88296 
173 0.00861939 2.383 4.88301 
174 0.008613 2.38305 4.88306 
175 0.00860662 2.3831 4.88311 
176 0.00860025 2.38315 4.88316 
177 0.00859389 2.3832 4.8832 
178 0.00858755 2.38324 4.88325 
179 0.00858123 2.38329 4.8833 
180 0.00857491 2.38334 4.88334 
181 0.00856862 2.38338 4.88339 
182 0.00856233 2.38343 4.88343 
183 0.00855606 2.38347 4.88348 
184 0.0085498 2.38352 4.88353 
185 0.00854356 2.38356 4.88357 
186 0.00853733 2.38361 4.88361 
187 0.00853112 2.38365 4.88366 
188 0.00852491 2.3837 4.8837 
189 0.00851873 2.38374 4.88374 
190 0.00851255 2.38378 4.88379 
191 0.00850639 2.38382 4.88383 
192 0.00850024 2.38387 4.88387 
193 0.0084941 2.38391 4.88391 
194 0.00848798 2.38395 4.88395 
195 0.00848187 2.38399 4.884 
196 0.00847578 2.38403 4.88404 
197 0.0084697 2.38407 4.88408 
198 0.00846363 2.38411 4.88412 
199 0.00845757 2.38415 4.88416 
200 0.00845153 2.38419 4.8842 
201 0.0084455 2.38423 4.88424 
202 0.00843948 2.38427 4.88428 
203 0.00843347 2.38431 4.88431 
204 0.00842748 2.38435 4.88435 
205 0.0084215 2.38439 4.88439 
206 0.00841554 2.38442 4.88443 
207 0.00840958 2.38446 4.88447 
208 0.00840364 2.3845 4.8845 
209 0.00839771 2.38454 4.88454 
210 0.0083918 2.38457 4.88458 
211 0.00838589 2.38461 4.88461 
212 0.00838 2.38465 4.88465 
213 0.00837412 2.38468 4.88469 
214 0.00836826 2.38472 4.88472 
215 0.0083624 2.38475 4.88476 
216 0.00835656 2.38479 4.88479 
217 0.00835073 2.38482 4.88483 
218 0.00834492 2.38486 4.88486 
219 0.00833911 2.38489 4.8849 
220 0.00833332 2.38493 4.88493 
221 0.00832754 2.38496 4.88497 
222 0.00832177 2.385 4.885 
223 0.00831601 2.38503 4.88503 
224 0.00831027 2.38506 4.88507 
225 0.00830453 2.3851 4.8851 
226 0.00829881 2.38513 4.88513 
227 0.0082931 2.38516 4.88517 
228 0.0082874 2.38519 4.8852 
229 0.00828172 2.38523 4.88523 
230 0.00827604 2.38526 4.88526 
231 0.00827038 2.38529 4.88529 
232 0.00826473 2.38532 4.88533 
233 0.00825909 2.38535 4.88536 
234 0.00825346 2.38539 4.88539 
235 0.00824784 2.38542 4.88542 
236 0.00824224 2.38545 4.88545 
237 0.00823665 2.38548 4.88548 
238 0.00823106 2.38551 4.88551 
239 0.00822549 2.38554 4.88554 
240 0.00821993 2.38557 4.88557 
241 0.00821438 2.3856 4.8856 
242 0.00820885 2.38563 4.88563 
243 0.00820332 2.38566 4.88566 
244 0.00819781 2.38569 4.88569 
245 0.0081923 2.38572 4.88572 
246 0.00818681 2.38575 4.88575 
247 0.00818133 2.38577 4.88578 
248 0.00817586 2.3858 4.88581 
249 0.0081704 2.38583 4.88584 
250 0.00816495 2.38586 4.88586 
251 0.00815951 2.38589 4.88589 
252 0.00815408 2.38592 4.88592 
253 0.00814867 2.38594 4.88595 
254 0.00814326 2.38597 4.88598 
255 0.00813787 2.386 4.886 
256 0.00813248 2.38603 4.88603 
257 0.00812711 2.38605 4.88606 
258 0.00812175 2.38608 4.88608 
259 0.0081164 2.38611 4.88611 
260 0.00811105 2.38614 4.88614 
261 0.00810572 2.38616 4.88616 
262 0.0081004 2.38619 4.88619 
263 0.00809509 2.38621 4.88622 
264 0.00808979 2.38624 4.88624 
265 0.0080845 2.38627 4.88627 
266 0.00807923 2.38629 4.8863 
267 0.00807396 2.38632 4.88632 
268 0.0080687 2.38634 4.88635 
269 0.00806345 2.38637 4.88637 
270 0.00805821 2.38639 4.8864 
271 0.00805299 2.38642 4.88642 
272 0.00804777 2.38644 4.88645 
273 0.00804256 2.38647 4.88647 
274 0.00803736 2.38649 4.8865 
275 0.00803218 2.38652 4.88652 
276 0.008027 2.38654 4.88655 
277 0.00802183 2.38657 4.88657 
278 0.00801668 2.38659 4.88659 
279 0.00801153 2.38662 4.88662 
280 0.00800639 2.38664 4.88664 
281 0.00800126 2.38666 4.88667 
282 0.00799615 2.38669 4.88669 
283 0.00799104 2.38671 4.88671 
284 0.00798594 2.38673 4.88674 
285 0.00798085 2.38676 4.88676 
286 0.00797577 2.38678 4.88678 
287 0.0079707 2.3868 4.88681 
288 0.00796565 2.38683 4.88683 
289 0.0079606 2.38685 4.88685 
290 0.00795556 2.38687 4.88687 
291 0.00795053 2.38689 4.8869 
292 0.0079455 2.38692 4.88692 
293 0.00794049 2.38694 4.88694 
294 0.00793549 2.38696 4.88696 
295 0.0079305 2.38698 4.88699 
296 0.00792552 2.38701 4.88701 
297 0.00792054 2.38703 4.88703 
298 0.00791558 2.38705 4.88705 
299 0.00791062 2.38707 4.88707 
300 0.00790568 2.38709 4.88709 
301 0.00790074 2.38711 4.88712 
302 0.00789581 2.38713 4.88714 
303 0.0078909 2.38716 4.88716 
304 0.00788599 2.38718 4.88718 
305 0.00788109 2.3872 4.8872 
306 0.0078762 2.38722 4.88722 
307 0.00787131 2.38724 4.88724 
308 0.00786644 2.38726 4.88726 
309 0.00786158 2.38728 4.88728 
310 0.00785672 2.3873 4.8873 
311 0.00785188 2.38732 4.88732 
312 0.00784704 2.38734 4.88735 
313 0.00784222 2.38736 4.88737 
314 0.0078374 2.38738 4.88739 
315 0.00783259 2.3874 4.88741 
316 0.00782779 2.38742 4.88743 
317 0.00782299 2.38744 4.88745 
318 0.00781821 2.38746 4.88747 
319 0.00781344 2.38748 4.88748 
320 0.00780867 2.3875 4.8875 
321 0.00780391 2.38752 4.88752 
322 0.00779917 2.38754 4.88754 
323 0.00779443 2.38756 4.88756 
324 0.00778969 2.38758 4.88758 
325 0.00778497 2.3876 4.8876 
326 0.00778026 2.38762 4.88762 
327 0.00777555 2.38764 4.88764 
328 0.00777086 2.38766 4.88766 
329 0.00776617 2.38767 4.88768 
330 0.00776149 2.38769 4.88769 
331 0.00775682 2.38771 4.88771 
332 0.00775215 2.38773 4.88773 
333 0.0077475 2.38775 4.88775 
334 0.00774285 2.38777 4.88777 
335 0.00773821 2.38778 4.88779 
336 0.00773358 2.3878 4.88781 
337 0.00772896 2.38782 4.88782 
338 0.00772435 2.38784 4.88784 
339 0.00771975 2.38786 4.88786 
340 0.00771515 2.38787 4.88788 
341 0.00771056 2.38789 4.88789 
342 0.00770598 2.38791 4.88791 
343 0.00770141 2.38793 4.88793 
344 0.00769685 2.38795 4.88795 
345 0.00769229 2.38796 4.88797 
346 0.00768774 2.38798 4.88798 
347 0.0076832 2.388 4.888 
348 0.00767867 2.38802 4.88802 
349 0.00767415 2.38803 4.88803 
350 0.00766963 2.38805 4.88805 
351 0.00766512 2.38807 4.88807 
352 0.00766062 2.38808 4.88809 
353 0.00765613 2.3881 4.8881 
354 0.00765165 2.38812 4.88812 
355 0.00764717 2.38813 4.88814 
356 0.00764271 2.38815 4.88815 
357 0.00763824 2.38817 4.88817 
358 0.00763379 2.38818 4.88819 
359 0.00762935 2.3882 4.8882 
360 0.00762491 2.38822 4.88822 
361 0.00762048 2.38823 4.88823 
362 0.00761606 2.38825 4.88825 
363 0.00761165 2.38827 4.88827 
364 0.00760724 2.38828 4.88828 
365 0.00760284 2.3883 4.8883 
366 0.00759845 2.38831 4.88832 
367 0.00759407 2.38833 4.88833 
368 0.00758969 2.38835 4.88835 
369 0.00758532 2.38836 4.88836 
370 0.00758096 2.38838 4.88838 
371 0.00757661 2.38839 4.88839 
372 0.00757226 2.38841 4.88841 
373 0.00756793 2.38842 4.88843 
374 0.00756359 2.38844 4.88844 
375 0.00755927 2.38845 4.88846 
376 0.00755496 2.38847 4.88847 
377 0.00755065 2.38849 4.88849 
378 0.00754635 2.3885 4.8885 
379 0.00754205 2.38852 4.88852 
380 0.00753777 2.38853 4.88853 
381 0.00753349 2.38855 4.88855 
382 0.00752921 2.38856 4.88856 
383 0.00752495 2.38858 4.88858 
384 0.00752069 2.38859 4.88859 
385 0.00751644 2.38861 4.88861 
386 0.0075122 2.38862 4.88862 
387 0.00750796 2.38863 4.88864 
388 0.00750373 2.38865 4.88865 
389 0.00749951 2.38866 4.88867 
390 0.0074953 2.38868 4.88868 
391 0.00749109 2.38869 4.88869 
392 0.00748689 2.38871 4.88871 
393 0.0074827 2.38872 4.88872 
394 0.00747851 2.38874 4.88874 
395 0.00747433 2.38875 4.88875 
396 0.00747016 2.38876 4.88877 
397 0.007466 2.38878 4.88878 
398 0.00746184 2.38879 4.88879 
399 0.00745769 2.38881 4.88881 
400 0.00745354 2.38882 4.88882 
401 0.0074494 2.38883 4.88884 
402 0.00744527 2.38885 4.88885 
403 0.00744115 2.38886 4.88886 
404 0.00743703 2.38888 4.88888 
405 0.00743292 2.38889 4.88889 
406 0.00742882 2.3889 4.88891 
407 0.00742472 2.38892 4.88892 
408 0.00742063 2.38893 4.88893 
409 0.00741655 2.38894 4.88895 
410 0.00741247 2.38896 4.88896 
411 0.00740841 2.38897 4.88897 
412 0.00740434 2.38898 4.88899 
413 0.00740029 2.389 4.889 
414 0.00739624 2.38901 4.88901 
415 0.00739219 2.38902 4.88903 
416 0.00738816 2.38904 4.88904 
417 0.00738413 2.38905 4.88905 
418 0.00738011 2.38906 4.88907 
419 0.00737609 2.38908 4.88908 
420 0.00737208 2.38909 4.88909 
421 0.00736808 2.3891 4.8891 
422 0.00736408 2.38912 4.88912 
423 0.00736009 2.38913 4.88913 
424 0.00735611 2.38914 4.88914 
425 0.00735213 2.38915 4.88916 
426 0.00734816 2.38917 4.88917 
427 0.00734419 2.38918 4.88918 
428 0.00734023 2.38919 4.88919 
429 0.00733628 2.38921 4.88921 
430 0.00733234 2.38922 4.88922 
431 0.0073284 2.38923 4.88923 
432 0.00732447 2.38924 4.88924 
433 0.00732054 2.38926 4.88926 
434 0.00731662 2.38927 4.88927 
435 0.00731271 2.38928 4.88928 
436 0.0073088 2.38929 4.88929 
437 0.0073049 2.3893 4.88931 
438 0.007301 2.38932 4.88932 
439 0.00729711 2.38933 4.88933 
440 0.00729323 2.38934 4.88934 
441 0.00728935 2.38935 4.88935 
442 0.00728548 2.38937 4.88937 
443 0.00728162 2.38938 4.88938 
444 0.00727776 2.38939 4.88939 
445 0.00727391 2.3894 4.8894 
446 0.00727007 2.38941 4.88941 
447 0.00726623 2.38942 4.88943 
448 0.00726239 2.38944 4.88944 
449 0.00725857 2.38945 4.88945 
450 0.00725474 2.38946 4.88946 
451 0.00725093 2.38947 4.88947 
452 0.00724712 2.38948 4.88948 
453 0.00724332 2.3895 4.8895 
454 0.00723952 2.38951 4.88951 
455 0.00723573 2.38952 4.88952 
456 0.00723194 2.38953 4.88953 
457 0.00722816 2.38954 4.88954 
458 0.00722439 2.38955 4.88955 
459 0.00722062 2.38956 4.88957 
460 0.00721686 2.38958 4.88958 
461 0.0072131 2.38959 4.88959 
462 0.00720935 2.3896 4.8896 
463 0.00720561 2.38961 4.88961 
464 0.00720187 2.38962 4.88962 
465 0.00719814 2.38963 4.88963 
466 0.00719441 2.38964 4.88964 
467 0.00719069 2.38965 4.88966 
468 0.00718698 2.38966 4.88967 
469 0.00718327 2.38968 4.88968 
470 0.00717956 2.38969 4.88969 
471 0.00717587 2.3897 4.8897 
472 0.00717217 2.38971 4.88971 
473 0.00716849 2.38972 4.88972 
474 0.00716481 2.38973 4.88973 
475 0.00716113 2.38974 4.88974 
476 0.00715746 2.38975 4.88975 
477 0.0071538 2.38976 4.88976 
478 0.00715014 2.38977 4.88977 
479 0.00714649 2.38978 4.88979 
480 0.00714284 2.38979 4.8898 
481 0.0071392 2.38981 4.88981 
482 0.00713556 2.38982 4.88982 
483 0.00713193 2.38983 4.88983 
484 0.00712831 2.38984 4.88984 
485 0.00712469 2.38985 4.88985 
486 0.00712107 2.38986 4.88986 
487 0.00711746 2.38987 4.88987 
488 0.00711386 2.38988 4.88988 
489 0.00711026 2.38989 4.88989 
490 0.00710667 2.3899 4.8899 
491 0.00710309 2.38991 4.88991 
492 0.0070995 2.38992 4.88992 
493 0.00709593 2.38993 4.88993 
494 0.00709236 2.38994 4.88994 
495 0.00708879 2.38995 4.88995 
496 0.00708523 2.38996 4.88996 
497 0.00708168 2.38997 4.88997 
498 0.00707813 2.38998 4.88998 
499 0.00707459 2.38999 4.88999 
500 0.00707105 2.39 4.89 
