0 0.01 0.25 0.5 
1 0.00999001 2.17738 4.67729 
2 0.00998006 2.24223 4.7422 
3 0.00997013 2.27109 4.77107 
4 0.00996024 2.28832 4.78831 
5 0.00995037 2.30009 4.80008 
6 0.00994053 2.30878 4.80877 
7 0.00993073 2.31554 4.81553 
8 0.00992095 2.32099 4.82098 
9 0.0099112 2.3255 4.8255 
10 0.00990148 2.32932 4.82932 
11 0.00989178 2.33261 4.8326 
12 0.00988212 2.33547 4.83547 
13 0.00987248 2.338 4.838 
14 0.00986287 2.34026 4.84026 
15 0.00985329 2.34228 4.84228 
16 0.00984374 2.34411 4.84411 
17 0.00983422 2.34578 4.84578 
18 0.00982472 2.34731 4.84731 
19 0.00981525 2.34871 4.84871 
20 0.00980581 2.35001 4.85001 
21 0.00979639 2.35122 4.85121 
22 0.009787 2.35234 4.85234 
23 0.00977764 2.35338 4.85338 
24 0.00976831 2.35436 4.85436 
25 0.009759 2.35529 4.85529 
26 0.00974972 2.35615 4.85615 
27 0.00974047 2.35697 4.85697 
28 0.00973124 2.35775 4.85775 
29 0.00972203 2.35848 4.85848 
30 0.00971286 2.35918 4.85918 
31 0.00970371 2.35984 4.85984 
32 0.00969458 2.36048 4.86048 
33 0.00968549 2.36108 4.86108 
34 0.00967641 2.36166 4.86166 
35 0.00966736 2.36221 4.86221 
36 0.00965834 2.36274 4.86274 
37 0.00964935 2.36324 4.86324 
38 0.00964037 2.36373 4.86373 
39 0.00963143 2.3642 4.8642 
40 0.0096225 2.36465 4.86465 
41 0.00961361 2.36508 4.86508 
42 0.00960473 2.3655 4.8655 
43 0.00959589 2.3659 4.8659 
44 0.00958706 2.36629 4.86629 
45 0.00957826 2.36667 4.86667 
46 0.00956949 2.36703 4.86703 
47 0.00956074 2.36739 4.86739 
48 0.00955201 2.36773 4.86773 
49 0.00954331 2.36806 4.86806 
50 0.00953463 2.36838 4.86838 
51 0.00952597 2.36869 4.86869 
52 0.00951734 2.36899 4.86899 
53 0.00950873 2.36929 4.86929 
54 0.00950014 2.36957 4.86957 
55 0.00949158 2.36985 4.86985 
56 0.00948304 2.37012 4.87012 
57 0.00947452 2.37038 4.87038 
58 0.00946603 2.37064 4.87064 
59 0.00945756 2.37089 4.87089 
60 0.00944911 2.37113 4.87113 
61 0.00944069 2.37137 4.87137 
62 0.00943228 2.3716 4.8716 
63 0.0094239 2.37183 4.87183 
64 0.00941554 2.37205 4.87205 
65 0.00940721 2.37227 4.87227 
66 0.00939889 2.37248 4.87248 
67 0.0093906 2.37268 4.87268 
68 0.00938233 2.37289 4.87289 
69 0.00937408 2.37308 4.87308 
70 0.00936586 2.37328 4.87328 
71 0.00935765 2.37346 4.87346 
72 0.00934947 2.37365 4.87365 
73 0.00934131 2.37383 4.87383 
74 0.00933317 2.37401 4.87401 
75 0.00932505 2.37418 4.87418 
76 0.00931695 2.37435 4.87435 
77 0.00930887 2.37452 4.87452 
78 0.00930082 2.37468 4.87468 
79 0.00929278 2.37484 4.87484 
80 0.00928477 2.375 4.875 
81 0.00927677 2.37516 4.87516 
82 0.0092688 2.37531 4.87531 
83 0.00926085 2.37546 4.87546 
84 0.00925292 2.3756 4.8756 
85 0.009245 2.37575 4.87575 
86 0.00923711 2.37589 4.87589 
87 0.00922924 2.37603 4.87603 
88 0.00922139 2.37616 4.87616 
89 0.00921356 2.3763 4.8763 
90 0.00920575 2.37643 4.87643 
91 0.00919795 2.37656 4.87656 
92 0.00919018 2.37669 4.87669 
93 0.00918243 2.37681 4.87681 
94 0.0091747 2.37694 4.87694 
95 0.00916698 2.37706 4.87706 
96 0.00915929 2.37718 4.87718 
97 0.00915162 2.3773 4.8773 
98 0.00914396 2.37741 4.87741 
99 0.00913633 2.37753 4.87753 
100 0.00912871 2.37764 4.87764 
101 0.00912111 2.37775 4.87775 
102 0.00911353 2.37786 4.87786 
103 0.00910597 2.37797 4.87797 
104 0.00909843 2.37807 4.87807 
105 0.00909091 2.37818 4.87818 
106 0.00908341 2.37828 4.87828 
107 0.00907592 2.37838 4.87838 
108 0.00906845 2.37848 4.87848 
109 0.009061 2.37858 4.87858 
110 0.00905357 2.37868 4.87868 
111 0.00904616 2.37878 4.87878 
112 0.00903877 2.37887 4.87887 
113 0.00903139 2.37897 4.87897 
114 0.00902404 2.37906 4.87906 
115 0.0090167 2.37915 4.87915 
116 0.00900937 2.37924 4.87924 
117 0.00900207 2.37933 4.87933 
118 0.00899478 2.37942 4.87942 
119 0.00898752 2.3795 4.8795 
120 0.00898027 2.37959 4.87959 
121 0.00897303 2.37967 4.87967 
122 0.00896582 2.37976 4.87976 
123 0.00895862 2.37984 4.87984 
124 0.00895144 2.37992 4.87992 
125 0.00894427 2.38 4.88 
126 0.00893713 2.38008 4.88008 
127 0.00893 2.38016 4.88016 
128 0.00892288 2.38024 4.88024 
129 0.00891579 2.38031 4.88031 
130 0.00890871 2.38039 4.88039 
131 0.00890165 2.38046 4.88046 
132 0.0088946 2.38054 4.88054 
133 0.00888757 2.38061 4.88061 
134 0.00888056 2.38068 4.88068 
135 0.00887357 2.38076 4.88076 
136 0.00886659 2.38083 4.88083 
137 0.00885962 2.3809 4.8809 
138 0.00885268 2.38097 4.88097 
139 0.00884575 2.38103 4.88103 
140 0.00883883 2.3811 4.8811 
141 0.00883194 2.38117 4.88117 
142 0.00882506 2.38124 4.88124 
143 0.00881819 2.3813 4.8813 
144 0.00881134 2.38137 4.88137 
145 0.00880451 2.38143 4.88143 
146 0.00879769 2.38149 4.88149 
147 0.00879089 2.38156 4.88156 
148 0.0087841 2.38162 4.88162 
149 0.00877733 2.38168 4.88168 
150 0.00877058 2.38174 4.88174 
151 0.00876384 2.3818 4.8818 
152 0.00875712 2.38186 4.88186 
153 0.00875041 2.38192 4.88192 
154 0.00874372 2.38198 4.88198 
155 0.00873704 2.38204 4.88204 
156 0.00873038 2.3821 4.8821 
157 0.00872373 2.38215 4.88215 
158 0.0087171 2.38221 4.88221 
159 0.00871048 2.38227 4.88227 
160 0.00870388 2.38232 4.88232 
161 0.0086973 2.38238 4.88238 
162 0.00869072 2.38243 4.88243 
163 0.00868417 2.38249 4.88249 
164 0.00867763 2.38254 4.88254 
165 0.0086711 2.38259 4.88259 
166 0.00866459 2.38265 4.88265 
167 0.00865809 2.3827 4.8827 
168 0.00865161 2.38275 4.88275 
169 0.00864514 2.3828 4.8828 
170 0.00863868 2.38285 4.88285 
171 0.00863224 2.3829 4.8829 
172 0.00862582 2.38295 4.88295 
173 0.00861941 2.383 4.883 
174 0.00861301 2.38305 4.88305 
175 0.00860663 2.3831 4.8831 
176 0.00860026 2.38315 4.88315 
177 0.00859391 2.38319 4.88319 
178 0.00858757 2.38324 4.88324 
179 0.00858124 2.38329 4.88329 
180 0.00857493 2.38333 4.88333 
181 0.00856863 2.38338 4.88338 
182 0.00856235 2.38343 4.88343 
183 0.00855608 2.38347 4.88347 
184 0.00854982 2.38352 4.88352 
185 0.00854358 2.38356 4.88356 
186 0.00853735 2.3836 4.8836 
187 0.00853113 2.38365 4.88365 
188 0.00852493 2.38369 4.88369 
189 0.00851874 2.38374 4.88374 
190 0.00851257 2.38378 4.88378 
191 0.0085064 2.38382 4.88382 
192 0.00850026 2.38386 4.88386 
193 0.00849412 2.3839 4.8839 
194 0.008488 2.38395 4.88395 
195 0.00848189 2.38399 4.88399 
196 0.00847579 2.38403 4.88403 
197 0.00846971 2.38407 4.88407 
198 0.00846364 2.38411 4.88411 
199 0.00845759 2.38415 4.88415 
200 0.00845154 2.38419 4.88419 
201 0.00844551 2.38423 4.88423 
202 0.00843949 2.38427 4.88427 
203 0.00843349 2.38431 4.88431 
204 0.0084275 2.38434 4.88434 
205 0.00842152 2.38438 4.88438 
206 0.00841555 2.38442 4.88442 
207 0.0084096 2.38446 4.88446 
208 0.00840366 2.3845 4.8845 
209 0.00839773 2.38453 4.88453 
210 0.00839181 2.38457 4.88457 
211 0.00838591 2.38461 4.88461 
212 0.00838002 2.38464 4.88464 
213 0.00837414 2.38468 4.88468 
214 0.00836827 2.38471 4.88471 
215 0.00836242 2.38475 4.88475 
216 0.00835658 2.38479 4.88479 
217 0.00835075 2.38482 4.88482 
218 0.00834493 2.38486 4.88486 
219 0.00833913 2.38489 4.88489 
220 0.00833333 2.38492 4.88492 
221 0.00832755 2.38496 4.88496 
222 0.00832178 2.38499 4.88499 
223 0.00831603 2.38503 4.88503 
224 0.00831028 2.38506 4.88506 
225 0.00830455 2.38509 4.88509 
226 0.00829883 2.38513 4.88513 
227 0.00829312 2.38516 4.88516 
228 0.00828742 2.38519 4.88519 
229 0.00828173 2.38522 4.88522 
230 0.00827606 2.38526 4.88526 
231 0.0082704 2.38529 4.88529 
232 0.00826475 2.38532 4.88532 
233 0.00825911 2.38535 4.88535 
234 0.00825348 2.38538 4.88538 
235 0.00824786 2.38541 4.88541 
236 0.00824226 2.38544 4.88544 
237 0.00823666 2.38548 4.88548 
238 0.00823108 2.38551 4.88551 
239 0.00822551 2.38554 4.88554 
240 0.00821995 2.38557 4.88557 
241 0.0082144 2.3856 4.8856 
242 0.00820886 2.38563 4.88563 
243 0.00820334 2.38566 4.88566 
244 0.00819782 2.38569 4.88569 
245 0.00819232 2.38571 4.88571 
246 0.00818683 2.38574 4.88574 
247 0.00818134 2.38577 4.88577 
248 0.00817587 2.3858 4.8858 
249 0.00817041 2.38583 4.88583 
250 0.00816497 2.38586 4.88586 
251 0.00815953 2.38589 4.88589 
252 0.0081541 2.38591 4.88591 
253 0.00814868 2.38594 4.88594 
254 0.00814328 2.38597 4.88597 
255 0.00813788 2.386 4.886 
256 0.0081325 2.38602 4.88602 
257 0.00812713 2.38605 4.88605 
258 0.00812176 2.38608 4.88608 
259 0.00811641 2.38611 4.88611 
260 0.00811107 2.38613 4.88613 
261 0.00810574 2.38616 4.88616 
262 0.00810042 2.38619 4.88619 
263 0.00809511 2.38621 4.88621 
264 0.00808981 2.38624 4.88624 
265 0.00808452 2.38626 4.88626 
266 0.00807924 2.38629 4.88629 
267 0.00807397 2.38632 4.88632 
268 0.00806872 2.38634 4.88634 
269 0.00806347 2.38637 4.88637 
270 0.00805823 2.38639 4.88639 
271 0.008053 2.38642 4.88642 
272 0.00804778 2.38644 4.88644 
273 0.00804258 2.38647 4.88647 
274 0.00803738 2.38649 4.88649 
275 0.00803219 2.38652 4.88652 
276 0.00802702 2.38654 4.88654 
277 0.00802185 2.38656 4.88656 
278 0.00801669 2.38659 4.88659 
279 0.00801154 2.38661 4.88661 
280 0.00800641 2.38664 4.88664 
281 0.00800128 2.38666 4.88666 
282 0.00799616 2.38668 4.88668 
283 0.00799106 2.38671 4.88671 
284 0.00798596 2.38673 4.88673 
285 0.00798087 2.38675 4.88675 
286 0.00797579 2.38678 4.88678 
287 0.00797072 2.3868 4.8868 
288 0.00796566 2.38682 4.88682 
289 0.00796061 2.38685 4.88685 
290 0.00795557 2.38687 4.88687 
291 0.00795054 2.38689 4.88689 
292 0.00794552 2.38691 4.88691 
293 0.00794051 2.38694 4.88694 
294 0.00793551 2.38696 4.88696 
295 0.00793052 2.38698 4.88698 
296 0.00792553 2.387 4.887 
297 0.00792056 2.38703 4.88703 
298 0.00791559 2.38705 4.88705 
299 0.00791064 2.38707 4.88707 
300 0.00790569 2.38709 4.88709 
301 0.00790076 2.38711 4.88711 
302 0.00789583 2.38713 4.88713 
303 0.00789091 2.38715 4.88715 
304 0.007886 2.38718 4.88718 
305 0.0078811 2.3872 4.8872 
306 0.00787621 2.38722 4.88722 
307 0.00787133 2.38724 4.88724 
308 0.00786646 2.38726 4.88726 
309 0.0078616 2.38728 4.88728 
310 0.00785674 2.3873 4.8873 
311 0.0078519 2.38732 4.88732 
312 0.00784706 2.38734 4.88734 
313 0.00784223 2.38736 4.88736 
314 0.00783741 2.38738 4.88738 
315 0.0078326 2.3874 4.8874 
316 0.0078278 2.38742 4.88742 
317 0.00782301 2.38744 4.88744 
318 0.00781823 2.38746 4.88746 
319 0.00781345 2.38748 4.88748 
320 0.00780869 2.3875 4.8875 
321 0.00780393 2.38752 4.88752 
322 0.00779918 2.38754 4.88754 
323 0.00779444 2.38756 4.88756 
324 0.00778971 2.38758 4.88758 
325 0.00778499 2.3876 4.8876 
326 0.00778028 2.38762 4.88762 
327 0.00777557 2.38763 4.88763 
328 0.00777087 2.38765 4.88765 
329 0.00776619 2.38767 4.88767 
330 0.00776151 2.38769 4.88769 
331 0.00775683 2.38771 4.88771 
332 0.00775217 2.38773 4.88773 
333 0.00774752 2.38775 4.88775 
334 0.00774287 2.38776 4.88776 
335 0.00773823 2.38778 4.88778 
336 0.0077336 2.3878 4.8878 
337 0.00772898 2.38782 4.88782 
338 0.00772437 2.38784 4.88784 
339 0.00771976 2.38786 4.88786 
340 0.00771517 2.38787 4.88787 
341 0.00771058 2.38789 4.88789 
342 0.007706 2.38791 4.88791 
343 0.00770143 2.38793 4.88793 
344 0.00769686 2.38794 4.88794 
345 0.00769231 2.38796 4.88796 
346 0.00768776 2.38798 4.88798 
347 0.00768322 2.388 4.888 
348 0.00767869 2.38801 4.88801 
349 0.00767417 2.38803 4.88803 
350 0.00766965 2.38805 4.88805 
351 0.00766514 2.38806 4.88806 
352 0.00766064 2.38808 4.88808 
353 0.00765615 2.3881 4.8881 
354 0.00765167 2.38812 4.88812 
355 0.00764719 2.38813 4.88813 
356 0.00764272 2.38815 4.88815 
357 0.00763826 2.38817 4.88817 
358 0.00763381 2.38818 4.88818 
359 0.00762937 2.3882 4.8882 
360 0.00762493 2.38822 4.88822 
361 0.0076205 2.38823 4.88823 
362 0.00761608 2.38825 4.88825 
363 0.00761166 2.38826 4.88826 
364 0.00760726 2.38828 4.88828 
365 0.00760286 2.3883 4.8883 
366 0.00759847 2.38831 4.88831 
367 0.00759408 2.38833 4.88833 
368 0.00758971 2.38834 4.88834 
369 0.00758534 2.38836 4.88836 
370 0.00758098 2.38838 4.88838 
371 0.00757663 2.38839 4.88839 
372 0.00757228 2.38841 4.88841 
373 0.00756794 2.38842 4.88842 
374 0.00756361 2.38844 4.88844 
375 0.00755929 2.38845 4.88845 
376 0.00755497 2.38847 4.88847 
377 0.00755067 2.38848 4.88848 
378 0.00754636 2.3885 4.8885 
379 0.00754207 2.38851 4.88851 
380 0.00753778 2.38853 4.88853 
381 0.0075335 2.38854 4.88854 
382 0.00752923 2.38856 4.88856 
383 0.00752497 2.38857 4.88857 
384 0.00752071 2.38859 4.88859 
385 0.00751646 2.3886 4.8886 
386 0.00751222 2.38862 4.88862 
387 0.00750798 2.38863 4.88863 
388 0.00750375 2.38865 4.88865 
389 0.00749953 2.38866 4.88866 
390 0.00749532 2.38868 4.88868 
391 0.00749111 2.38869 4.88869 
392 0.00748691 2.38871 4.88871 
393 0.00748272 2.38872 4.88872 
394 0.00747853 2.38873 4.88873 
395 0.00747435 2.38875 4.88875 
396 0.00747018 2.38876 4.88876 
397 0.00746601 2.38878 4.88878 
398 0.00746186 2.38879 4.88879 
399 0.0074577 2.38881 4.88881 
400 0.00745356 2.38882 4.88882 
401 0.00744942 2.38883 4.88883 
402 0.00744529 2.38885 4.88885 
403 0.00744117 2.38886 4.88886 
404 0.00743705 2.38888 4.88888 
405 0.00743294 2.38889 4.88889 
406 0.00742884 2.3889 4.8889 
407 0.00742474 2.38892 4.88892 
408 0.00742065 2.38893 4.88893 
409 0.00741657 2.38894 4.88894 
410 0.00741249 2.38896 4.88896 
411 0.00740842 2.38897 4.88897 
412 0.00740436 2.38898 4.88898 
413 0.0074003 2.389 4.889 
414 0.00739626 2.38901 4.88901 
415 0.00739221 2.38902 4.88902 
416 0.00738818 2.38904 4.88904 
417 0.00738415 2.38905 4.88905 
418 0.00738012 2.38906 4.88906 
419 0.00737611 2.38908 4.88908 
420 0.0073721 2.38909 4.88909 
421 0.00736809 2.3891 4.8891 
422 0.0073641 2.38912 4.88912 
423 0.00736011 2.38913 4.88913 
424 0.00735612 2.38914 4.88914 
425 0.00735215 2.38915 4.88915 
426 0.00734818 2.38917 4.88917 
427 0.00734421 2.38918 4.88918 
428 0.00734025 2.38919 4.88919 
429 0.0073363 2.3892 4.8892 
430 0.00733236 2.38922 4.88922 
431 0.00732842 2.38923 4.88923 
432 0.00732448 2.38924 4.88924 
433 0.00732056 2.38925 4.88925 
434 0.00731664 2.38927 4.88927 
435 0.00731272 2.38928 4.88928 
436 0.00730882 2.38929 4.88929 
437 0.00730492 2.3893 4.8893 
438 0.00730102 2.38932 4.88932 
439 0.00729713 2.38933 4.88933 
440 0.00729325 2.38934 4.88934 
441 0.00728937 2.38935 4.88935 
442 0.0072855 2.38936 4.88936 
443 0.00728164 2.38938 4.88938 
444 0.00727778 2.38939 4.88939 
445 0.00727393 2.3894 4.8894 
446 0.00727008 2.38941 4.88941 
447 0.00726624 2.38942 4.88942 
448 0.00726241 2.38944 4.88944 
449 0.00725858 2.38945 4.88945 
450 0.00725476 2.38946 4.88946 
451 0.00725095 2.38947 4.88947 
452 0.00724714 2.38948 4.88948 
453 0.00724333 2.38949 4.88949 
454 0.00723954 2.38951 4.88951 
455 0.00723575 2.38952 4.88952 
456 0.00723196 2.38953 4.88953 
457 0.00722818 2.38954 4.88954 
458 0.00722441 2.38955 4.88955 
459 0.00722064 2.38956 4.88956 
460 0.00721688 2.38957 4.88957 
461 0.00721312 2.38959 4.88959 
462 0.00720937 2.3896 4.8896 
463 0.00720563 2.38961 4.88961 
464 0.00720189 2.38962 4.88962 
465 0.00719816 2.38963 4.88963 
466 0.00719443 2.38964 4.88964 
467 0.00719071 2.38965 4.88965 
468 0.00718699 2.38966 4.88966 
469 0.00718329 2.38967 4.88967 
470 0.00717958 2.38969 4.88969 
471 0.00717588 2.3897 4.8897 
472 0.00717219 2.38971 4.88971 
473 0.0071685 2.38972 4.88972 
474 0.00716482 2.38973 4.88973 
475 0.00716115 2.38974 4.88974 
476 0.00715748 2.38975 4.88975 
477 0.00715382 2.38976 4.88976 
478 0.00715016 2.38977 4.88977 
479 0.0071465 2.38978 4.88978 
480 0.00714286 2.38979 4.88979 
481 0.00713922 2.3898 4.8898 
482 0.00713558 2.38982 4.88982 
483 0.00713195 2.38983 4.88983 
484 0.00712832 2.38984 4.88984 
485 0.0071247 2.38985 4.88985 
486 0.00712109 2.38986 4.88986 
487 0.00711748 2.38987 4.88987 
488 0.00711388 2.38988 4.88988 
489 0.00711028 2.38989 4.88989 
490 0.00710669 2.3899 4.8899 
491 0.0071031 2.38991 4.88991 
492 0.00709952 2.38992 4.88992 
493 0.00709595 2.38993 4.88993 
494 0.00709238 2.38994 4.88994 
495 0.00708881 2.38995 4.88995 
496 0.00708525 2.38996 4.88996 
497 0.0070817 2.38997 4.88997 
498 0.00707815 2.38998 4.88998 
499 0.00707461 2.38999 4.88999 
500 0.00707107 2.39 4.89 
