0 100 5 0 0 0 
1 97.5524 5.35053 0.933095 1.1356 0.0283899 
2 94.9867 5.68011 1.75599 2.51435 0.0628589 
3 92.3272 5.97554 2.48389 4.11058 0.102765 
4 89.6034 6.22392 3.12684 5.8984 0.14746 
5 86.8483 6.4137 3.69078 7.85098 0.196274 
6 84.0971 6.5356 4.17867 9.94018 0.248504 
7 81.3849 6.58348 4.59154 12.1366 0.303416 
8 78.7452 6.55489 4.92948 14.4102 0.360254 
9 76.2076 6.45118 5.19248 16.7304 0.418261 
10 73.797 6.2773 5.38117 19.0678 0.476695 
11 71.5325 6.04121 5.49727 21.3941 0.534853 
12 69.4273 5.75307 5.54389 23.6836 0.59209 
13 67.4888 5.42434 5.52557 25.9134 0.647836 
14 65.7193 5.06684 5.44813 28.0641 0.701604 
15 64.1165 4.69201 5.31846 30.12 0.753 
16 62.6749 4.31032 5.14417 32.0689 0.801723 
17 61.3861 3.9308 4.93321 33.9024 0.84756 
18 60.2401 3.56091 4.69354 35.6151 0.890377 
19 59.226 3.20646 4.43284 37.2046 0.930116 
20 58.3321 2.87165 4.15825 38.6712 0.966779 
21 57.5472 2.55932 3.8762 40.0169 1.00042 
22 56.8599 2.27105 3.59232 41.2456 1.03114 
23 56.2597 2.00745 3.31138 42.3624 1.05906 
24 55.7368 1.76834 3.03728 43.3733 1.08433 
25 55.2821 1.55296 2.77311 44.2847 1.10712 
26 54.8874 1.36013 2.5212 45.1037 1.12759 
27 54.5452 1.1884 2.28322 45.8372 1.14593 
28 54.249 1.03617 2.06023 46.4923 1.16231 
29 53.9928 0.901768 1.85282 47.0757 1.17689 
30 53.7714 0.783523 1.66114 47.5941 1.18985 
31 53.5803 0.67981 1.48505 48.0535 1.20134 
32 53.4154 0.589086 1.32411 48.4599 1.2115 
33 53.2732 0.50991 1.17773 48.8187 1.22047 
34 53.1507 0.440952 1.04516 49.1348 1.22837 
35 53.0451 0.380999 0.92556 49.413 1.23532 
36 52.9542 0.328956 0.818054 49.6573 1.24143 
37 52.8759 0.28384 0.721728 49.8717 1.24679 
38 52.8086 0.244776 0.635676 50.0595 1.25149 
39 52.7506 0.210985 0.559011 50.2238 1.25559 
40 52.7008 0.181781 0.49088 50.3674 1.25918 
41 52.6579 0.156563 0.430471 50.4928 1.26232 
42 52.621 0.134799 0.377022 50.6021 1.26505 
43 52.5893 0.116029 0.329823 50.6974 1.26744 
44 52.562 0.0998481 0.288219 50.7804 1.26951 
45 52.5386 0.0859058 0.251606 50.8526 1.27132 
46 52.5184 0.0738968 0.219435 50.9154 1.27288 
47 52.5011 0.0635566 0.191208 50.9699 1.27425 
48 52.4862 0.0546557 0.166474 51.0173 1.27543 
49 52.4734 0.0469958 0.144827 51.0583 1.27646 
50 52.4624 0.0404053 0.125904 51.094 1.27735 
51 52.4529 0.0347359 0.109378 51.1248 1.27812 
52 52.4448 0.0298597 0.0949616 51.1516 1.27879 
53 52.4378 0.0256664 0.082396 51.1747 1.27937 
54 52.4318 0.0220606 0.0714531 51.1948 1.27987 
55 52.4267 0.0189605 0.061931 51.2121 1.2803 
56 52.4222 0.0162953 0.0536515 51.2271 1.28068 
57 52.4184 0.0140042 0.0464573 51.2401 1.281 
58 52.4152 0.0120349 0.0402104 51.2513 1.28128 
59 52.4124 0.0103422 0.0347892 51.261 1.28152 
60 52.4099 0.00888735 0.0300874 51.2693 1.28173 
61 52.4079 0.00763702 0.0260117 51.2766 1.28191 
62 52.4061 0.00656247 0.0224804 51.2828 1.28207 
63 52.4046 0.00563903 0.0194223 51.2882 1.2822 
64 52.4032 0.00484547 0.0167751 51.2928 1.28232 
65 52.4021 0.00416353 0.0144847 51.2968 1.28242 
66 52.4011 0.00357753 0.0125036 51.3003 1.28251 
67 52.4003 0.00307399 0.0107908 51.3033 1.28258 
68 52.3996 0.0026413 0.00931033 51.3058 1.28265 
69 52.399 0.0022695 0.00803121 51.308 1.2827 
70 52.3984 0.00195002 0.00692636 51.3099 1.28275 
71 52.398 0.00167551 0.00597231 51.3116 1.28279 
72 52.3976 0.00143964 0.00514871 51.313 1.28282 
73 52.3973 0.00123697 0.00443788 51.3142 1.28286 
74 52.397 0.00106283 0.00382455 51.3153 1.28288 
75 52.3967 0.000913197 0.00329546 51.3162 1.2829 
76 52.3965 0.000784631 0.00283914 51.3169 1.28292 
77 52.3963 0.000674165 0.00244566 51.3176 1.28294 
78 52.3962 0.00057925 0.00210643 51.3182 1.28295 
79 52.396 0.000497697 0.00181402 51.3187 1.28297 
80 52.3959 0.000427626 0.00156201 51.3191 1.28298 
81 52.3958 0.000367419 0.00134486 51.3195 1.28299 
82 52.3957 0.000315689 0.00115778 51.3198 1.283 
83 52.3957 0.000271242 0.000996616 51.3201 1.283 
84 52.3956 0.000233053 0.000857805 51.3203 1.28301 
85 52.3955 0.00020024 0.000738261 51.3205 1.28301 
86 52.3955 0.000172047 0.000635321 51.3207 1.28302 
87 52.3955 0.000147824 0.00054669 51.3208 1.28302 
88 52.3954 0.000127011 0.000470388 51.321 1.28302 
89 52.3954 0.000109128 0.000404705 51.3211 1.28303 
90 52.3954 9.37634e-05 0.00034817 51.3212 1.28303 
91 52.3953 8.05619e-05 0.000299512 51.3212 1.28303 
92 52.3953 6.9219e-05 0.000257639 51.3213 1.28303 
93 52.3953 5.94732e-05 0.000221606 51.3214 1.28303 
94 52.3953 5.10996e-05 0.000190602 51.3214 1.28304 
95 52.3953 4.39049e-05 0.000163928 51.3215 1.28304 
96 52.3953 3.77232e-05 0.000140979 51.3215 1.28304 
97 52.3953 3.24119e-05 0.000121237 51.3215 1.28304 
98 52.3953 2.78484e-05 0.000104255 51.3216 1.28304 
99 52.3952 2.39274e-05 8.96474e-05 51.3216 1.28304 
100 52.3952 2.05585e-05 7.70837e-05 51.3216 1.28304 
